366
247
56
79
78
77
556
527
557
555
158
157
35
147
27
55
459
514
554
540
144
297
238
299
371
38
39
552
64
264
28
235
142
192
143
369
196
290
116
188
198
37
292
62
449
291
370
511
263
197
24
22
377
118
524
448
450
519
357
82
23
81
199
243
358
152
356
119
32
117
162
550
537
230
295
532
256
161
545
92
80
122
277
294
182
506
401
160
246
11
93
278
284
183
436
104
10
535
363
293
60
522
184
285
169
551
442
121
444
509
416
447
279
437
385
94
402
435
141
171
446
490
102
12
286
174
9
172
287
548
288
443
536
364
120
170
289
180
173
518
373
510
505
409
260
531
132
461
367
388
365
195
354
233
434
432
0
115
229
523
2
234
242
539
465
111
454
481
513
456
259
298
19
353
491
458
65
317
479
73
355
255
504
383
185
1
558
109
105
492
493
350
303
495
378
399
384
336
345
543
